# Blender v3.0.0 OBJ File: ''
# www.blender.org
mtllib cross.mtl
o Cube
v 0.464887 -0.396285 0.479754
v -0.426786 0.486137 -0.429941
v 0.486393 -0.438063 0.418148
v -0.405280 0.444359 -0.491547
v 0.405280 -0.444359 0.491547
v -0.486393 0.438063 -0.418148
v 0.426786 -0.486137 0.429941
v -0.464887 0.396285 -0.479754
v 0.396285 0.464887 0.479754
v -0.486137 -0.426786 -0.429941
v 0.438063 0.486394 0.418148
v -0.444359 -0.405280 -0.491547
v 0.444359 0.405280 0.491547
v -0.438063 -0.486394 -0.418148
v 0.486137 0.426786 0.429941
v -0.396285 -0.464887 -0.479754
v -0.464887 0.396285 0.479754
v 0.426786 -0.486137 -0.429941
v -0.486393 0.438063 0.418148
v 0.405280 -0.444359 -0.491547
v -0.405280 0.444359 0.491547
v 0.486393 -0.438063 -0.418148
v -0.426786 0.486137 0.429941
v 0.464887 -0.396285 -0.479754
v -0.396285 -0.464887 0.479754
v 0.486137 0.426786 -0.429941
v -0.438063 -0.486394 0.418148
v 0.444359 0.405280 -0.491547
v -0.444359 -0.405280 0.491547
v 0.438063 0.486394 -0.418148
v -0.486137 -0.426786 0.429941
v 0.396285 0.464887 -0.479754
vt 0.875000 0.500000
vt 0.625000 0.750000
vt 0.625000 0.500000
vt 0.375000 0.750000
vt 0.625000 1.000000
vt 0.375000 1.000000
vt 0.375000 0.000000
vt 0.625000 0.250000
vt 0.375000 0.250000
vt 0.125000 0.500000
vt 0.125000 0.750000
vt 0.375000 0.500000
vt 0.875000 0.500000
vt 0.625000 0.750000
vt 0.625000 0.500000
vt 0.375000 0.750000
vt 0.625000 1.000000
vt 0.375000 1.000000
vt 0.375000 0.000000
vt 0.625000 0.250000
vt 0.375000 0.250000
vt 0.125000 0.500000
vt 0.125000 0.750000
vt 0.375000 0.500000
vt 0.875000 0.500000
vt 0.625000 0.750000
vt 0.625000 0.500000
vt 0.375000 1.000000
vt 0.375000 0.750000
vt 0.375000 0.000000
vt 0.625000 0.250000
vt 0.375000 0.250000
vt 0.125000 0.500000
vt 0.125000 0.750000
vt 0.375000 0.500000
vt 0.625000 0.500000
vt 0.875000 0.750000
vt 0.625000 0.750000
vt 0.375000 0.750000
vt 0.625000 1.000000
vt 0.375000 1.000000
vt 0.375000 0.000000
vt 0.625000 0.250000
vt 0.375000 0.250000
vt 0.375000 0.500000
vt 0.125000 0.750000
vt 0.125000 0.500000
vt 0.875000 0.750000
vt 0.625000 0.000000
vt 0.875000 0.750000
vt 0.625000 0.000000
vt 0.875000 0.750000
vt 0.625000 1.000000
vt 0.625000 0.000000
vt 0.875000 0.500000
vt 0.625000 0.000000
vn 0.5754 -0.5694 0.5870
vn 0.2776 -0.5392 -0.7951
vn -0.7693 -0.6205 0.1522
vn -0.5754 0.5694 -0.5870
vn 0.7693 0.6205 -0.1522
vn -0.2776 0.5392 0.7951
vn 0.5694 0.5754 0.5870
vn 0.5392 0.2776 -0.7951
vn 0.6205 -0.7693 0.1522
vn -0.5694 -0.5754 -0.5870
vn -0.6205 0.7693 -0.1522
vn -0.5392 -0.2776 0.7951
vn -0.5754 0.5694 0.5870
vn -0.2776 0.5392 -0.7951
vn 0.7693 0.6205 0.1522
vn 0.5754 -0.5694 -0.5870
vn -0.7693 -0.6205 -0.1522
vn 0.2776 -0.5392 0.7951
vn -0.5694 -0.5754 0.5870
vn -0.5392 -0.2776 -0.7951
vn -0.6205 0.7693 0.1522
vn 0.5694 0.5754 -0.5870
vn 0.6205 -0.7693 -0.1522
vn 0.5392 0.2776 0.7951
usemtl Material
s off
f 5/1/1 3/2/1 1/3/1
f 4/4/2 7/5/2 8/6/2
f 8/7/3 5/8/3 6/9/3
f 6/10/4 4/4/4 8/11/4
f 1/3/5 4/4/5 2/12/5
f 5/8/6 2/12/6 6/9/6
f 13/13/7 11/14/7 9/15/7
f 12/16/8 15/17/8 16/18/8
f 16/19/9 13/20/9 14/21/9
f 14/22/10 12/16/10 16/23/10
f 9/15/11 12/16/11 10/24/11
f 13/20/12 10/24/12 14/21/12
f 21/25/13 19/26/13 17/27/13
f 19/26/14 24/28/14 20/29/14
f 24/30/15 21/31/15 22/32/15
f 22/33/16 20/29/16 24/34/16
f 17/27/17 20/29/17 18/35/17
f 21/31/18 18/35/18 22/32/18
f 25/36/19 31/37/19 27/38/19
f 28/39/20 31/40/20 32/41/20
f 32/42/21 29/43/21 30/44/21
f 26/45/22 32/46/22 30/47/22
f 25/36/23 28/39/23 26/45/23
f 29/43/24 26/45/24 30/44/24
f 5/1/1 7/48/1 3/2/1
f 4/4/2 3/2/2 7/5/2
f 8/7/3 7/49/3 5/8/3
f 6/10/4 2/12/4 4/4/4
f 1/3/5 3/2/5 4/4/5
f 5/8/6 1/3/6 2/12/6
f 13/13/7 15/50/7 11/14/7
f 12/16/8 11/14/8 15/17/8
f 16/19/9 15/51/9 13/20/9
f 14/22/10 10/24/10 12/16/10
f 9/15/11 11/14/11 12/16/11
f 13/20/12 9/15/12 10/24/12
f 21/25/13 23/52/13 19/26/13
f 19/26/14 23/53/14 24/28/14
f 24/30/15 23/54/15 21/31/15
f 22/33/16 18/35/16 20/29/16
f 17/27/17 19/26/17 20/29/17
f 21/31/18 17/27/18 18/35/18
f 25/36/19 29/55/19 31/37/19
f 28/39/20 27/38/20 31/40/20
f 32/42/21 31/56/21 29/43/21
f 26/45/22 28/39/22 32/46/22
f 25/36/23 27/38/23 28/39/23
f 29/43/24 25/36/24 26/45/24
